Tide-phase hypothesis test — summary
Generated: 2026-06-08T18:53:47
Snapshots: 1,779
Synthesized pairs: 436,804
Obs span: 2026-05-27T12:00 → 2026-06-08T18:00
Tide station: 8442645 (Salem, MA)
M2 period: 12.42h, 12 phase bins

=== Temperature (t) ===
  lead 6h tide bins: -0.34, +1.03, +0.83, +0.93, +0.85, -0.19, -0.47, -0.70, -1.28, -1.71, -0.81, -0.18
  lead 6h HOD bins:  -1.7, -0.9, -0.1, +0.7, +0.6, +0.5, +0.3, +0.8, +0.8, -0.2, +0.1, -0.2, -0.7, -1.1, -0.0, +2.7, +1.4, +1.0, +0.3, -0.0, -1.1, -1.2, -2.9, -2.7
  lead 12h tide bins: -0.82, -0.44, -1.04, -1.14, -0.55, -0.96, -0.40, -0.32, -1.11, -0.96, -1.57, -0.82
  lead 12h HOD bins:  -1.8, -1.9, -1.3, -1.2, -2.9, -1.6, -1.1, +0.0, +0.5, +0.1, +0.6, -0.1, -0.4, +0.3, -1.3, -0.1, -0.7, -0.1, -1.3, -1.3, -1.7, -0.9, -0.8, -1.4
  lead 18h tide bins: -1.94, +0.17, +0.34, +0.03, +0.61, -0.46, -0.58, -1.48, -1.38, -1.95, -2.95, -1.70
  lead 18h HOD bins:  -0.6, -1.4, -0.5, +0.1, -1.1, -1.5, -2.1, -1.7, -1.1, -2.0, -3.7, -3.4, -3.2, -1.5, -1.3, +0.3, +1.3, +1.4, +0.1, +0.7, -0.1, +0.0, -0.3, -0.9
  lead 24h tide bins: -1.90, -0.51, -1.78, -1.51, -0.56, -1.28, -1.38, -0.97, -1.29, -1.22, -1.48, -1.15
  lead 24h HOD bins:  -0.0, -0.3, +0.3, +0.8, +0.1, +0.4, -0.1, -0.0, +0.7, -0.2, -1.5, -3.4, -4.2, -3.9, -2.5, -1.6, -3.4, -2.7, -3.6, -1.6, -0.7, -1.5, -0.0, +0.0
  lead 36h tide bins: -1.28, -1.27, -1.75, -1.22, -1.37, -1.60, -1.96, -1.57, -1.16, -0.81, -1.63, -0.82
  lead 36h HOD bins:  -2.7, -2.5, -1.8, -1.5, -3.1, -1.8, -1.5, -0.3, -0.0, -0.4, -0.8, -2.0, -2.6, -1.8, -1.7, -1.3, +0.3, -0.6, -0.8, -1.0, -0.8, +0.1, -1.7, -2.4

=== Dew point (dp) ===
  lead 6h tide bins: -0.12, +0.55, -0.09, -0.05, -0.85, -0.50, -0.56, -0.43, -0.19, -0.10, -0.34, -0.03
  lead 6h HOD bins:  -0.4, -0.3, +0.4, -0.4, -0.3, +0.0, +1.0, +2.1, +2.5, +2.5, +0.6, +0.8, +1.2, +0.5, -0.8, -0.9, -2.1, -2.5, -1.7, -3.0, -2.0, -1.1, -1.0, +0.4
  lead 12h tide bins: +0.90, -0.91, -0.74, -0.87, -0.65, +0.35, +0.33, +0.64, +0.87, +0.31, +0.41, +1.46
  lead 12h HOD bins:  -1.5, -1.9, -1.2, -0.8, -1.5, -0.1, +0.5, +0.7, +2.3, +2.8, +2.3, +0.8, +2.3, +2.8, +2.6, +0.9, -0.3, -1.1, -1.6, -1.5, -1.5, -0.9, +0.3, -0.1
  lead 18h tide bins: +0.25, +0.65, +0.94, +0.40, -0.06, +0.27, +0.07, -0.45, -0.06, -0.42, -0.47, -0.12
  lead 18h HOD bins:  -0.8, -0.7, -0.8, -0.5, -1.4, -1.5, -1.8, -1.4, +0.2, +1.8, +0.8, +0.9, +0.8, +0.5, +1.5, +1.0, -1.1, -0.8, +0.7, +2.3, +1.8, +1.1, +0.1, -0.1
  lead 24h tide bins: +0.46, +0.23, -0.35, +0.33, -0.45, +0.79, +0.98, +0.24, +1.16, +0.23, +0.01, +0.95
  lead 24h HOD bins:  +2.2, +2.2, +2.4, +1.9, +0.4, +0.0, -0.3, -0.2, +0.8, +0.2, +0.4, -1.2, -0.7, -1.1, -1.0, -0.2, -1.2, -0.4, -0.3, +0.1, +0.8, +1.7, +1.3, +1.4
  lead 36h tide bins: -1.17, -0.44, -1.01, -0.53, -0.78, -0.45, -0.18, +0.72, +0.74, -0.65, -0.49, -0.02
  lead 36h HOD bins:  -2.4, -2.7, -0.7, -0.5, -2.4, -1.2, -0.9, -0.2, +2.1, +2.5, +3.2, +2.0, +1.9, +1.9, +1.2, +1.1, -1.2, -1.6, -2.5, -2.7, -2.6, -2.1, -0.3, -0.7

=== Humidity (h) ===
  lead 6h tide bins: +1.59, +1.06, -0.68, -0.99, -2.37, -0.13, +0.63, +2.35, +3.08, +4.13, +1.48, +0.28
  lead 6h HOD bins:  +4.1, +1.3, +1.6, -2.4, -1.9, -0.8, +2.2, +3.9, +4.6, +6.8, +2.8, +3.7, +4.0, +2.9, -1.5, -6.0, -5.8, -6.3, -3.1, -3.8, -1.4, +1.8, +5.7, +9.2
  lead 12h tide bins: +5.87, +1.35, +3.01, +2.26, +0.55, +2.88, +3.08, +3.76, +4.87, +4.10, +5.58, +6.35
  lead 12h HOD bins:  +1.6, +1.0, +0.6, +1.4, +4.5, +5.1, +5.5, +2.4, +4.8, +6.4, +4.6, +3.9, +7.0, +7.1, +9.5, +2.9, +1.7, +0.8, +2.0, +1.7, +2.4, +3.0, +4.3, +3.9
  lead 18h tide bins: +8.05, +2.89, +2.11, +1.25, -1.25, +1.29, +1.99, +3.94, +3.82, +4.43, +6.29, +5.72
  lead 18h HOD bins:  +2.5, +2.6, -0.7, -1.4, -0.5, +0.0, +1.9, +2.9, +3.9, +9.3, +10.3, +10.1, +7.6, +3.3, +5.2, +1.9, -4.0, -3.9, +4.3, +4.6, +6.3, +4.6, +4.7, +5.8
  lead 24h tide bins: +5.89, +3.02, +5.35, +5.59, +0.47, +4.33, +7.43, +4.44, +7.41, +5.16, +4.82, +4.60
  lead 24h HOD bins:  +5.9, +7.3, +6.4, +2.8, +1.9, +0.4, +0.6, +0.6, +1.2, +2.6, +4.6, +4.3, +6.8, +7.6, +3.7, +5.5, +6.1, +8.0, +9.8, +5.4, +6.2, +9.8, +3.6, +3.9
  lead 36h tide bins: +2.44, +4.83, +4.02, +3.39, +3.24, +4.62, +5.80, +5.43, +4.40, +1.30, +2.89, +2.43
  lead 36h HOD bins:  +3.6, +3.2, +4.7, +5.0, +3.7, +3.0, +2.6, +1.2, +6.5, +7.8, +8.8, +9.2, +9.9, +9.7, +7.7, +6.4, -1.1, +0.8, -1.8, -3.5, -4.1, -4.0, +4.5, +4.9

=== Wind speed (ws) ===
  lead 6h tide bins: -0.65, +0.00, +0.67, +0.71, +1.62, +2.07, +2.19, +1.58, +1.61, +0.68, +0.06, -0.51
  lead 6h HOD bins:  -0.6, -0.4, -0.1, +1.3, +1.8, +2.1, +1.7, +1.8, +0.7, -0.1, -0.9, -1.0, -1.4, -0.3, +0.3, +0.4, +1.3, +1.7, +2.1, +2.9, +3.5, +1.8, +0.6, -0.0
  lead 12h tide bins: +0.51, +1.18, +1.74, +1.01, +1.19, +1.46, +1.34, +1.85, +2.40, +1.81, +1.13, +0.23
  lead 12h HOD bins:  +1.0, +1.5, +2.0, +1.6, +1.9, +1.8, +1.1, +2.9, +2.1, +1.6, +1.1, +0.9, +0.1, +0.2, +0.1, -0.2, +0.3, +0.9, +1.7, +2.4, +2.6, +2.0, +1.0, +1.0
  lead 18h tide bins: +1.05, +1.41, +2.43, +2.55, +3.27, +3.64, +3.29, +1.89, +2.29, +2.09, +1.39, +1.52
  lead 18h HOD bins:  +0.1, +1.4, +2.0, +2.1, +2.8, +3.4, +2.5, +3.0, +2.3, +2.4, +2.7, +2.2, +1.4, +1.9, +2.1, +2.0, +3.0, +3.9, +3.7, +3.2, +3.0, +1.9, +0.5, -0.5
  lead 24h tide bins: +2.04, +2.78, +4.04, +3.06, +2.34, +3.23, +2.82, +2.32, +3.51, +2.52, +2.82, +2.73
  lead 24h HOD bins:  +1.9, +2.5, +2.3, +2.5, +2.7, +3.5, +2.9, +3.5, +4.4, +3.7, +4.0, +3.7, +2.2, +3.5, +2.7, +3.1, +3.2, +3.3, +3.1, +2.1, +2.3, +1.5, +1.8, +2.0
  lead 36h tide bins: +3.27, +3.54, +4.40, +3.71, +2.53, +3.35, +3.58, +2.65, +2.90, +2.38, +2.85, +3.03
  lead 36h HOD bins:  +2.7, +1.9, +2.8, +2.6, +2.7, +3.3, +3.3, +4.3, +3.0, +2.2, +3.2, +3.7, +3.4, +3.4, +3.9, +3.6, +3.4, +3.5, +4.8, +5.4, +3.3, +2.3, +1.3, +2.4

=== Wind gust (wg) ===
  lead 6h tide bins: +0.00, +0.61, +0.42, +0.52, +2.87, +3.51, +3.60, +2.68, +3.68, +2.49, +0.84, -0.03
  lead 6h HOD bins:  +0.4, -0.5, -1.0, +2.4, +3.3, +3.7, +2.6, +3.5, +3.0, +1.3, +0.1, -0.1, -1.0, -0.4, -0.1, +0.1, +2.0, +2.5, +3.7, +4.6, +6.2, +3.2, +1.2, +0.2
  lead 12h tide bins: +2.68, +3.38, +3.62, +2.11, +2.95, +3.74, +3.22, +3.25, +4.81, +3.93, +3.29, +2.30
  lead 12h HOD bins:  +3.1, +2.5, +2.2, +2.8, +3.6, +3.7, +3.3, +5.8, +4.8, +3.8, +3.4, +3.4, +2.4, +1.9, +1.6, +0.9, +2.4, +2.9, +4.4, +5.2, +5.8, +4.9, +2.1, +2.0
  lead 18h tide bins: +3.45, +4.67, +4.91, +6.05, +7.26, +7.56, +6.82, +4.74, +6.44, +6.03, +3.95, +4.35
  lead 18h HOD bins:  +2.6, +4.8, +4.5, +5.7, +7.0, +8.0, +6.3, +6.9, +5.8, +4.8, +5.5, +5.2, +3.8, +4.7, +4.2, +4.1, +6.6, +7.0, +7.7, +7.5, +8.1, +6.6, +3.2, +0.7
  lead 24h tide bins: +6.55, +6.86, +8.29, +7.56, +6.90, +8.79, +7.32, +5.64, +8.18, +6.86, +6.41, +7.24
  lead 24h HOD bins:  +6.7, +7.8, +6.6, +7.9, +8.1, +9.2, +7.6, +8.6, +9.3, +7.9, +7.8, +7.5, +6.1, +6.6, +5.3, +6.2, +5.6, +6.0, +7.9, +7.3, +7.2, +6.4, +6.9, +6.5
  lead 36h tide bins: +7.76, +8.73, +10.39, +7.99, +7.71, +8.71, +8.56, +6.66, +7.50, +6.31, +5.88, +7.41
  lead 36h HOD bins:  +7.1, +6.9, +7.1, +7.8, +8.2, +9.3, +9.0, +9.6, +6.2, +5.3, +7.0, +8.7, +8.4, +7.9, +7.5, +7.5, +6.9, +9.0, +11.1, +12.1, +9.2, +7.2, +3.7, +4.8

=== Precip prob (pp) ===
  lead 6h tide bins: +1.74, +4.15, +1.35, +0.29, -0.58, +1.58, +2.13, +3.40, +0.31, +0.85, +1.05, +2.09
  lead 6h HOD bins:  +3.7, +2.2, +1.0, -1.8, -0.5, -0.4, -0.5, -1.1, -0.9, +0.7, +0.8, +0.2, +0.2, +1.0, +2.1, +2.3, +1.7, -0.3, +6.6, +7.7, +3.4, +3.9, +0.5, +3.2
  lead 12h tide bins: +2.14, +1.63, +0.17, -1.03, +1.02, +1.28, +1.39, +0.18, -1.43, +1.02, +0.04, +0.72
  lead 12h HOD bins:  +2.9, -0.5, -2.0, -2.8, -0.2, -0.7, -1.2, -1.1, +0.8, +0.5, +1.4, +0.3, -0.9, -1.1, +1.2, +1.0, +1.6, +1.7, +5.7, +4.5, +0.7, +3.2, +0.1, +0.9
  lead 18h tide bins: +2.01, +0.72, -1.10, -0.11, +0.62, +2.31, +1.28, +0.88, -3.30, -0.47, +0.35, +0.68
  lead 18h HOD bins:  +1.6, -2.6, -4.1, -4.0, +0.3, +0.5, -0.7, -0.4, +0.0, -1.5, -0.6, -0.4, -0.2, -1.0, +0.8, +0.6, +2.6, +2.3, +6.5, +3.0, +1.7, +2.5, +0.3, -0.1
  lead 24h tide bins: +1.20, -1.45, -2.50, -0.39, -0.66, +2.64, +2.06, +1.02, -1.70, +1.45, +1.96, +0.35
  lead 24h HOD bins:  +1.4, -3.3, -3.1, -2.4, -0.2, -0.1, +0.0, +0.6, +1.5, -0.1, +0.6, -1.0, -1.0, -1.2, +0.4, -0.2, +1.9, +1.4, +5.3, -0.8, -1.8, +4.7, +1.3, +3.1
  lead 36h tide bins: +9.99, +6.10, +5.12, +3.21, +8.40, +13.96, +16.49, +14.21, +8.02, +7.16, +9.74, +12.02
  lead 36h HOD bins:  +13.0, +11.5, +10.9, +4.8, +8.9, +10.6, +8.6, +9.0, +7.7, +8.3, +6.8, +5.1, +5.2, +4.2, +4.8, +10.3, +11.1, +10.9, +15.0, +14.0, +14.7, +7.1, +9.7, +14.1
